image_width: 640
image_height: 480
camera_name: head_camera
camera_matrix:
  rows: 3
  cols: 3
  data: [676.333956, 0.000000, 335.169361, 0.000000, 677.288459, 248.695887, 0.000000, 0.000000, 1.000000]
distortion_model: plumb_bob
distortion_coefficients:
  rows: 1
  cols: 5
  data: [-0.018908, 0.011161, 0.002161, 0.000857, 0.000000]
rectification_matrix:
  rows: 3
  cols: 3
  data: [1.000000, 0.000000, 0.000000, 0.000000, 1.000000, 0.000000, 0.000000, 0.000000, 1.000000]
projection_matrix:
  rows: 3
  cols: 4
  data: [673.975403, 0.000000, 335.669897, 0.000000, 0.000000, 675.678406, 249.299891, 0.000000, 0.000000, 0.000000, 1.000000, 0.000000]
